SUM:  1868010069 | TOOK: 0.00369263 sec
SUM1: 1868010069 | TOOK: 0.253121 sec
